1 2012     8         1
2 2014     10        1
3 2013     5         1
4 2011     7         1
5 2012     10        1
6 2012     10        1
7 2018     3         1
8 2012     5         1
9 2017     8         1
10 2012    18        1
11 2012    2         1
12 2016    7         1
13 2015    8         1
14 2017    1         2
15 2018    5         1
16 2019    1         1
17 2020    2         1
18 2016    5         1
19 2015    0.5       1
20 2013    9         1
21 1996    9         3 
22 2018    1         1
23 2011    3         1
24 2007    1         4
25 2004    NaN       5
26 2006    1         5
27 2001    2         3
28 2001    3         3
29 2018    8         6
30 2004    2         3
31 1995    10        7
32 2008    2         8
33 2006    2         3
34 2010    12        1
35 2007    2         3
36 2019    3         1
37 2013    18        1
38 2018    9         9
39 2016    9         6
40 2014    3         1
41 2020    2         1
42 2011    18        1
43 2019    1         1
44 2019    1         10
45 2019    1         10
46 2019    1         10
47 2020    1         10
48 2019    1         11
49 2019    1         1
50 2019    1         10











